112 12
1 5 -5 -5 -5 -5 -5 -5 -5 -5 20 3
1 -5 -5 -5 -5 -5 -5 -5 -5 -5 20 3
1 0 10 0 0 0 0 0 0 0 20 3
1 0 20 0 0 0 0 0 0 0 10 3
1 5 20 -5 -5 -5 -5 -5 -5 -5 -5 3
1 -5 20 -5 -5 -5 -5 -5 -5 -5 -5 3
1 0 20 10 0 0 0 0 0 0 0 3
1 0 20 0 10 0 0 0 0 0 0 3
1 0 20 0 0 10 0 0 0 0 0 3
1 0 20 0 0 0 10 0 0 0 0 3
1 0 20 0 0 0 0 10 0 0 0 3
1 0 20 0 0 0 0 0 10 0 0 3
1 0 20 0 0 0 0 0 0 10 0 3
1 0 0 10 0 0 0 0 0 0 20 3
1 0 0 20 0 0 0 0 0 0 10 3
1 5 -5 20 -5 -5 -5 -5 -5 -5 -5 3
1 -5 -5 20 -5 -5 -5 -5 -5 -5 -5 3
1 0 10 20 0 0 0 0 0 0 0 3
1 0 0 20 10 0 0 0 0 0 0 3
1 0 0 20 0 10 0 0 0 0 0 3
1 0 0 20 0 0 10 0 0 0 0 3
1 0 0 20 0 0 0 10 0 0 0 3
1 0 0 20 0 0 0 0 10 0 0 3
1 0 0 20 0 0 0 0 0 10 0 3
1 0 0 0 10 0 0 0 0 0 20 3
1 0 0 0 20 0 0 0 0 0 10 3
1 5 -5 -5 20 -5 -5 -5 -5 -5 -5 3
1 -5 -5 -5 20 -5 -5 -5 -5 -5 -5 3
1 0 10 0 20 0 0 0 0 0 0 3
1 0 0 10 20 0 0 0 0 0 0 3
1 0 0 0 20 10 0 0 0 0 0 3
1 0 0 0 20 0 10 0 0 0 0 3
1 0 0 0 20 0 0 10 0 0 0 3
1 0 0 0 20 0 0 0 10 0 0 3
1 0 0 0 20 0 0 0 0 10 0 3
1 0 0 0 0 10 0 0 0 0 20 3
1 0 0 0 0 20 0 0 0 0 10 3
1 5 -5 -5 -5 20 -5 -5 -5 -5 -5 3
1 -5 -5 -5 -5 20 -5 -5 -5 -5 -5 3
1 0 10 0 0 20 0 0 0 0 0 3
1 0 0 10 0 20 0 0 0 0 0 3
1 0 0 0 10 20 0 0 0 0 0 3
1 0 0 0 0 20 10 0 0 0 0 3
1 0 0 0 0 20 0 10 0 0 0 3
1 0 0 0 0 20 0 0 10 0 0 3
1 0 0 0 0 20 0 0 0 10 0 3
1 0 0 0 0 0 10 0 0 0 20 3
1 0 0 0 0 0 20 0 0 0 10 3
1 5 -5 -5 -5 -5 20 -5 -5 -5 -5 3
1 -5 -5 -5 -5 -5 20 -5 -5 -5 -5 3
1 0 10 0 0 0 20 0 0 0 0 3
1 0 0 10 0 0 20 0 0 0 0 3
1 0 0 0 10 0 20 0 0 0 0 3
1 0 0 0 0 10 20 0 0 0 0 3
1 0 0 0 0 0 20 10 0 0 0 3
1 0 0 0 0 0 20 0 10 0 0 3
1 0 0 0 0 0 20 0 0 10 0 3
1 0 0 0 0 0 0 10 0 0 20 3
1 0 0 0 0 0 0 20 0 0 10 3
1 5 -5 -5 -5 -5 -5 20 -5 -5 -5 3
1 -5 -5 -5 -5 -5 -5 20 -5 -5 -5 3
1 0 10 0 0 0 0 20 0 0 0 3
1 0 0 10 0 0 0 20 0 0 0 3
1 0 0 0 10 0 0 20 0 0 0 3
1 0 0 0 0 10 0 20 0 0 0 3
1 0 0 0 0 0 10 20 0 0 0 3
1 0 0 0 0 0 0 20 10 0 0 3
1 0 0 0 0 0 0 20 0 10 0 3
1 0 0 0 0 0 0 0 10 0 20 3
1 0 0 0 0 0 0 0 20 0 10 3
1 5 -5 -5 -5 -5 -5 -5 20 -5 -5 3
1 -5 -5 -5 -5 -5 -5 -5 20 -5 -5 3
1 0 10 0 0 0 0 0 20 0 0 3
1 0 0 10 0 0 0 0 20 0 0 3
1 0 0 0 10 0 0 0 20 0 0 3
1 0 0 0 0 10 0 0 20 0 0 3
1 0 0 0 0 0 10 0 20 0 0 3
1 0 0 0 0 0 0 10 20 0 0 3
1 0 0 0 0 0 0 0 20 10 0 3
1 0 0 0 0 0 0 0 0 10 20 3
1 0 0 0 0 0 0 0 0 20 10 3
1 5 -5 -5 -5 -5 -5 -5 -5 20 -5 3
1 -5 -5 -5 -5 -5 -5 -5 -5 20 -5 3
1 0 10 0 0 0 0 0 0 20 0 3
1 0 0 10 0 0 0 0 0 20 0 3
1 0 0 0 10 0 0 0 0 20 0 3
1 0 0 0 0 10 0 0 0 20 0 3
1 0 0 0 0 0 10 0 0 20 0 3
1 0 0 0 0 0 0 10 0 20 0 3
1 0 0 0 0 0 0 0 10 20 0 3
1 10 -10 -10 -10 -10 -10 -10 -10 -10 -10 1
1 -10 -10 -10 -10 -10 -10 -10 -10 -10 -10 1
1 40 0 0 0 0 0 0 0 0 0 39
1 -40 0 0 0 0 0 0 0 0 0 39
1 0 8 0 0 0 0 0 0 0 0 1
1 0 0 8 0 0 0 0 0 0 0 1
1 0 0 0 8 0 0 0 0 0 0 1
1 0 0 0 0 8 0 0 0 0 0 1
1 0 0 0 0 0 8 0 0 0 0 1
1 0 0 0 0 0 0 8 0 0 0 1
1 0 0 0 0 0 0 0 8 0 0 1
1 0 0 0 0 0 0 0 0 8 0 1
1 0 0 0 0 0 0 0 0 0 8 1
1 0 -8 0 0 0 0 0 0 0 0 7
1 0 0 -8 0 0 0 0 0 0 0 7
1 0 0 0 -8 0 0 0 0 0 0 7
1 0 0 0 0 -8 0 0 0 0 0 7
1 0 0 0 0 0 -8 0 0 0 0 7
1 0 0 0 0 0 0 -8 0 0 0 7
1 0 0 0 0 0 0 0 -8 0 0 7
1 0 0 0 0 0 0 0 0 -8 0 7
1 0 0 0 0 0 0 0 0 0 -8 7
