10 12
1 -915 -828 -303 -632 -786 -231 -12 -568 -351 -308 10000
1 -930 -217 -480 -704 -700 -91 -441 -927 -33 -330 10000
1 -765 -616 -962 -274 -276 -39 -924 -541 -444 -838 10000
1 -747 -470 -506 -329 -481 -425 -679 -140 -764 -960 10000
1 -243 -664 -760 -333 -456 -686 -717 -137 -721 -833 10000
1 -682 -107 -380 -720 -382 -920 -164 -220 -640 -262 10000
1 -145 -942 -873 -570 -973 -365 -685 -932 -424 -928 10000
1 -183 -612 -402 -869 -681 -539 -941 -513 -290 -622 10000
1 -669 -694 -353 -941 -209 -572 -580 -822 -964 -725 10000
1 -188 -646 -87 -552 -330 -19 -976 -609 -965 -158 10000
